0
0.671642
0.471299
0.336643
0.285177
0.246237
0.21913
0.204526
0.17872
0.159474
0.145176
0.139003
0.133128
0.128433
0.123735
0.118775
0.114628
0.110418
0.10661
0.102916
0.0993391
0.0963928
0.0937439
0.0925534
0.0907912
0.0888134
0.0883873
0.0869565
0.0870332
0.0869835
0.0877272
0.0894936
0.0900226
0.0931575
0.0933549
0.0953513
0.0965071
0.0983253
0.100199
0.102972
0.104764
0.108337
0.109402
0.111212
0.11356
0.116503
0.1179
0.119941
0.121506
0.123719
0.12563
0.12613
0.12817
0.129412
0.131829
0.133283
0.13399
0.136161
0.137121
0.138543
0.139363
0.140732
0.14253
0.143358
0.144059
0.14522
0.146556
0.147417
0.149061
0.151283
0.152916
0.155098
0.156124
0.156562
0.157972
0.16002
0.160741
0.161454
0.163227
0.164828
0.165575
0.16724
0.168258
0.169738
0.171344
0.172458
0.173896
0.174948
0.17612
0.17685
0.177291
0.177851
0.178254
0.179498
0.180327
0.181183
0.182839
0.183104
0.183629
0.184879
0.185146
0.185785
0.186203
0.18673
0.187378
0.189439
0.190326
0.19139
0.19211
0.193071
0.193748
0.195184
0.196523
0.196891
0.197087
0.198427
0.1989
0.198996
0.199806
0.200529
0.201136
0.20161
0.202379
0.202699
0.203447
0.204047
0.204691
0.20571
0.206154
0.20622
0.207459
0.207957
0.20862
0.209469
0.210244
0.210989
0.211619
0.212297
0.213348
0.213933
0.214651
0.215047
0.215781
0.216093
0.216319
0.217214
0.217748
0.218344
0.218816
0.218958
0.218948
0.219497
0.219756
0.220053
0.220448
0.22101
0.221521
0.22203
0.222646
0.223378
0.223797
0.224416
0.22488
0.22537
0.22593
0.226278
0.22674
0.227447
0.228148
0.228783
0.229553
0.230174
0.230708
0.231113
0.231495
0.231675
0.232289
0.233022
0.233296
0.233885
0.234079
0.234578
0.235051
0.235505
0.235989
0.235911
0.236421
0.23672
0.237075
0.237726
0.238053
0.238608
0.23896
0.23923
0.239912
0.239919
0.24036
0.240984
0.241389
0.241565
0.241741
0.242316
0.242828
0.243087
0.243483
0.243608
0.244013
0.244149
0.24435
0.244544
0.244774
0.245025
0.245268
0.245853
0.246273
0.246709
0.247099
0.247459
0.247925
0.248003
0.248271
0.248803
0.249106
0.249218
0.249604
0.24998
0.250173
0.250385
0.250872
0.251348
0.251617
0.251579
0.251832
0.252122
0.252428
0.252726
0.253155
0.25332
0.253743
0.253944
0.254193
0.254451
0.254504
0.254933
0.255249
0.255634
0.255801
0.255976
0.256343
0.25664
0.256866
0.25702
0.257164
0.257396
0.257778
0.258038
0.258432
0.258649
0.258705
0.258983
0.259431
0.259775
0.259983
0.260309
0.260696
0.260986
0.261048
0.261331
0.261785
0.26194
0.262058
0.262284
0.262579
0.262909
0.263146
0.263506
0.263693
0.263876
0.264075
0.26446
0.264731
0.265111
0.2653
0.265561
0.266079
0.266432
0.266521
0.266658
0.266912
0.267447
0.267705
0.267881
0.268039
0.268291
0.268695
0.268753
0.268809
0.268835
0.269177
0.269501
0.26986
0.270052
0.270276
0.270643
0.270897
0.270979
0.27132
0.271344
0.271592
0.271805
0.272037
0.272339
0.272461
0.272435
0.272574
0.272907
0.273127
0.273314
0.273326
0.273654
0.27383
0.274106
0.274297
0.274612
