0
0.885714
0.789238
0.664325
0.562711
0.488769
0.430169
0.400043
0.355663
0.319854
0.289235
0.277699
0.268833
0.260376
0.251908
0.243325
0.235969
0.229462
0.223337
0.217559
0.2121
0.206998
0.202662
0.201337
0.196874
0.195222
0.193808
0.194017
0.195005
0.19519
0.198168
0.201139
0.204375
0.207676
0.208363
0.209786
0.211727
0.214119
0.216854
0.220067
0.223177
0.22505
0.227942
0.230079
0.232322
0.235517
0.238073
0.240362
0.242982
0.245473
0.248122
0.250145
0.252899
0.254588
0.256648
0.257957
0.2607
0.263055
0.265091
0.267447
0.269376
0.271608
0.273137
0.275535
0.277256
0.278731
0.280395
0.282171
0.28361
0.285173
0.286816
0.288785
0.290796
0.292563
0.294482
0.296466
0.297169
0.298235
0.299606
0.300753
0.301721
0.302972
0.303789
0.305078
0.306566
0.307687
0.308918
0.310283
0.310995
0.312107
0.313014
0.314457
0.315514
0.316364
0.317445
0.318828
0.319647
0.321017
0.322202
0.323304
0.324224
0.325162
0.326298
0.327502
0.328692
0.329908
0.331289
0.331959
0.332694
0.333385
0.334675
0.335541
0.336024
0.336898
0.337626
0.338547
0.339096
0.33981
0.340433
0.341278
0.34214
0.342969
0.343775
0.344547
0.345171
0.345791
0.346479
0.347492
0.348234
0.348837
0.349563
0.350226
0.350915
0.351452
0.351988
0.352525
0.353252
0.353766
0.354611
0.355407
0.355754
0.356258
0.356731
0.357426
0.357668
0.358252
0.358824
0.359419
0.359947
0.360474
0.361012
0.361331
0.362121
0.362594
0.363319
0.363918
0.36434
0.364893
0.365355
0.365717
0.366301
0.366875
0.367541
0.367896
0.368435
0.369151
0.369735
0.370221
0.370769
0.371385
0.372134
0.372391
0.373079
0.373513
0.374089
0.374512
0.374956
0.375589
0.376305
0.376561
0.377021
0.377597
0.378045
0.378506
0.378888
0.379182
0.379661
0.38017
0.380419
0.380763
0.381274
0.381818
0.382475
0.382629
0.383084
0.383344
0.383996
0.384355
0.384607
0.38497
0.385347
0.385979
0.386499
0.386733
0.387019
0.387279
0.387677
0.388019
0.388396
0.388913
0.389202
0.389542
0.389708
0.390247
0.39051
0.39091
0.391403
0.391781
0.392065
0.39251
0.392912
0.393205
0.393553
0.393748
0.394013
0.394115
0.394452
0.394769
0.395047
0.395421
0.395745
0.396178
0.396655
0.397014
0.397677
0.397932
0.39837
0.3988
0.39898
0.399289
0.399535
0.39978
0.40016
0.400435
0.400763
0.400977
0.401283
0.401544
0.40181
0.402223
0.402671
0.403008
0.403113
0.403545
0.40365
0.403864
0.40409
0.404348
0.40481
0.405035
0.405191
0.405375
0.405596
0.405749
0.405988
0.40614
0.406553
0.406696
0.407069
0.407091
0.407336
0.407535
0.407859
0.407964
0.408314
0.408589
0.408841
0.409134
0.409478
0.409556
0.409734
0.409881
0.410118
0.410324
0.410517
0.410788
0.411057
0.411388
0.411594
0.411865
0.412155
0.412346
0.412538
0.412813
0.413173
0.413287
0.413485
0.41347
0.413684
0.413855
0.413956
0.414144
0.414414
0.414684
0.414843
0.414915
0.41506
0.415191
0.41517
0.415341
0.415636
0.415824
0.416053
0.416283
0.416516
0.416725
0.416798
0.41694
0.417059
0.417408
0.417585
0.417785
0.417813
0.418048
