0.819549
0.805195
0.816502
0.817084
0.812734
0.810044
0.811762
0.813179
0.812487
0.813582
0.802135
0.789416
0.785473
0.796571
0.806657
0.816369
0.824715
0.832013
0.838821
0.845218
0.851459
0.856821
0.862286
0.8603
0.857525
0.855532
0.853732
0.853825
0.851701
0.850399
0.84843
0.84632
0.846034
0.840763
0.834988
0.828934
0.822597
0.818197
0.814603
0.809536
0.804492
0.800836
0.797497
0.789292
0.782416
0.77637
0.770409
0.76467
0.759319
0.754195
0.749336
0.745096
0.740558
0.733873
0.727323
0.720754
0.715341
0.710578
0.705441
0.699875
0.694377
0.689278
0.68443
0.679363
0.673893
0.668406
0.662814
0.657489
0.652685
0.648054
0.643146
0.638519
0.63404
0.629492
0.624397
0.619364
0.61482
0.6108
0.605882
0.60136
0.596656
0.59209
0.588206
0.583844
0.579258
0.57524
0.571389
0.568017
0.564433
0.560913
0.55719
0.553713
0.550259
0.546972
0.544003
0.540881
0.53825
0.534896
0.532048
0.529495
0.526647
0.524069
0.521204
0.518514
0.516114
0.513748
0.511714
0.509707
0.507883
0.505753
0.503838
0.501589
0.499522
0.497958
0.496277
0.494869
0.493532
0.491964
0.4907
0.489221
0.487843
0.486646
0.485238
0.484171
0.482742
0.481572
0.480462
0.479412
0.478186
0.47698
0.475843
0.474905
0.47353
0.472544
0.471248
0.470431
0.469277
0.468347
0.467555
0.466499
0.465476
0.464681
0.463806
0.46305
0.462135
0.461029
0.460274
0.459626
0.458677
0.457877
0.45717
0.456151
0.455585
0.454961
0.454207
0.453717
0.45304
0.452363
0.451715
0.450886
0.449977
0.449157
0.448508
0.447889
0.447076
0.446302
0.445381
0.444732
0.444117
0.443478
0.442791
0.442294
0.441563
0.441168
0.440667
0.440274
0.43986
0.43927
0.438635
0.438245
0.437953
0.437544
0.43687
0.43634
0.435864
0.435317
0.435061
0.434551
0.434152
0.433686
0.433397
0.43301
0.432787
0.43245
0.431858
0.431473
0.431164
0.430663
0.430378
0.429889
0.429638
0.42934
0.428951
0.428458
0.428005
0.427607
0.427088
0.426557
0.426166
0.425826
0.425553
0.425218
0.424745
0.424406
0.424232
0.423712
0.423545
0.42311
0.422706
0.422436
0.422086
0.421722
0.421319
0.421023
0.42078
0.420424
0.41991
0.4196
0.419128
0.418742
0.418318
0.417928
0.417547
0.41718
0.41686
0.416446
0.416025
0.415693
0.415441
0.415145
0.414722
0.414475
0.414206
0.413975
0.41371
0.413489
0.413286
0.412971
0.412722
0.412505
0.412236
0.411907
0.411609
0.411436
0.411152
0.410748
0.410549
0.410264
0.409878
0.409628
0.409338
0.409204
0.409008
0.408857
0.408588
0.408394
0.40812
0.407711
0.407535
0.407294
0.40723
0.406905
0.406674
0.406473
0.406327
0.4061
0.405998
0.405876
0.405863
0.405623
0.40531
0.405191
0.404976
0.404697
0.404549
0.404413
0.404141
0.403952
0.403686
0.403454
0.403261
0.403072
0.40295
0.402666
0.402412
0.40215
0.401974
0.401816
0.401603
0.401301
0.401216
0.401036
0.400807
0.400513
0.40047
0.400162
0.399869
0.399764
0.399616
0.399459
0.399265
0.399004
0.398803
