0
0.859467
0.726308
0.676869
0.640361
0.625754
0.602316
0.583675
0.570783
0.561863
0.553329
0.553075
0.548663
0.545382
0.542923
0.542141
0.541009
0.539372
0.5356
0.533611
0.533574
0.532192
0.53176
0.531606
0.530241
0.529908
0.528253
0.527432
0.527127
0.527238
0.526809
0.525758
0.525619
0.525662
0.52505
0.524679
0.524903
0.524958
0.52419
0.523776
0.523696
0.523427
0.522883
0.522519
0.52219
0.522482
0.522605
0.52263
0.522131
0.522302
0.522673
0.522796
0.52255
0.522119
0.521037
0.5207
0.520996
0.520163
0.519581
0.519543
0.519343
0.519938
0.520166
0.519974
0.520254
0.519943
0.519339
0.519334
0.519185
0.518942
0.518835
0.51887
0.51864
0.51827
0.517966
0.518089
0.518244
0.518269
0.518633
0.518238
0.517945
0.517208
0.516839
0.516664
0.516526
0.516471
0.516075
0.515795
0.516568
0.516426
0.516247
0.515885
0.5157
0.515413
0.515648
0.515525
0.516068
0.516285
0.515924
0.515901
0.515305
