0
0.774691
0.619677
0.553128
0.522778
0.494656
0.479033
0.459688
0.440848
0.43009
0.42445
0.4205
0.417507
0.415163
0.413845
0.415355
0.414092
0.415184
0.411101
0.409578
0.40935
0.406151
0.408268
0.407161
0.406317
0.405112
0.406091
0.405468
0.404334
0.40484
0.405094
0.40354
0.403905
0.403184
0.40278
0.401208
0.400724
0.400211
0.398476
0.396403
0.396048
0.393367
0.392016
0.392104
0.391834
0.390798
0.390441
0.389875
0.389442
0.388965
0.388607
0.387853
0.388493
0.387444
0.386421
0.384882
0.384943
0.385018
0.385196
0.385383
0.385717
0.385362
0.384629
0.384358
0.384191
0.384861
0.384188
0.384011
0.383627
0.383518
0.383123
0.383394
0.382993
0.383256
0.383131
0.383389
0.383238
0.382098
0.382364
0.382393
0.382145
0.381676
0.381205
0.382299
0.382061
0.382245
0.382565
0.382609
0.383111
0.383258
0.383098
0.383054
0.382725
0.38279
0.382885
0.382574
0.382533
0.382426
0.381314
0.381797
0.381697
