0.820561
0.823911
0.81071
0.809302
0.811944
0.814312
0.817387
0.817949
0.815698
0.817827
0.800034
0.79117
0.779389
0.772636
0.765337
0.75854
0.751239
0.743734
0.740331
0.734958
0.724848
0.715892
0.708398
0.699961
0.694035
0.688698
0.68247
0.677621
0.67164
0.667774
0.660879
0.654301
0.647435
0.641119
0.635601
0.62967
0.624509
0.619419
0.613517
0.608687
0.602706
0.596101
0.590548
0.585301
0.578879
0.574463
0.569659
0.564236
0.560453
0.556698
0.551339
0.546203
0.541358
0.536909
0.532469
0.528722
0.524776
0.521033
0.517635
0.513251
0.50916
0.504992
0.501453
0.497701
0.494476
0.491157
0.487996
0.485096
0.482464
0.479286
0.475698
0.473068
0.47073
0.468405
0.465909
0.463231
0.460504
0.458335
0.455987
0.453452
0.451597
0.449627
0.447744
0.445905
0.444407
0.443273
0.441496
0.440021
0.438107
0.436485
