0
0.795181
0.735119
0.648256
0.588321
0.546994
0.523025
0.500417
0.485735
0.470244
0.459649
0.456911
0.454836
0.449079
0.44543
0.440057
0.436102
0.430996
0.428297
0.425926
0.424394
0.420552
0.41986
0.418622
0.417291
0.417434
0.415976
0.415293
0.415179
0.415216
0.414933
0.413978
0.412726
0.411389
0.411242
0.409947
0.408477
0.40889
0.409039
0.407051
0.405859
0.404373
0.403846
0.403437
0.403897
0.403428
0.403857
0.403186
0.40262
0.401868
0.400186
0.399919
0.399319
0.398188
0.397922
0.397707
0.396401
0.396344
0.396211
0.395477
0.395967
0.395039
0.39511
0.393722
0.393768
0.393783
0.393634
0.393574
0.393151
0.393193
0.39237
0.391924
0.39153
0.39102
0.39112
0.390889
0.390679
0.390737
0.390327
0.389481
0.38897
0.388431
0.388779
0.388183
0.388168
0.387216
0.386762
0.38611
0.386137
0.385875
0.385304
0.384711
0.383864
0.383469
0.382562
0.382469
0.382139
0.38206
0.381834
0.381658
0.381592
