0
0.884731
0.795181
0.73628
0.689734
0.648312
0.621793
0.605389
0.589062
0.576709
0.567781
0.565015
0.561063
0.558374
0.555683
0.553799
0.549646
0.545992
0.544169
0.542566
0.54066
0.539121
0.53749
0.536563
0.535903
0.53466
0.532105
0.531237
0.530191
0.528806
0.528242
0.527679
0.52695
0.526464
0.525825
0.523829
0.522854
0.522345
0.521691
0.521451
0.521837
0.521193
0.520681
0.519452
0.518484
0.518409
0.51898
0.519495
0.519412
0.518701
0.517786
0.517546
0.517154
0.517649
0.518062
0.517996
0.517456
0.518053
0.517694
0.517487
0.517235
0.516868
0.517108
0.516519
0.51573
0.515419
0.514993
0.514905
0.514094
0.513433
0.512975
0.512498
0.512234
0.512105
0.512162
0.511962
0.511856
0.511394
0.51121
0.510852
0.510938
0.510778
0.510886
0.510923
0.510704
0.510641
0.510401
0.510285
0.509837
0.509439
0.509509
0.509301
0.508873
0.508997
0.508803
0.508807
0.508968
0.509351
0.509427
0.509043
0.509078
