0.782524
0.801732
0.800383
0.80407
0.810932
0.80797
0.808733
0.810337
0.814463
0.813547
0.797698
0.787846
0.779561
0.770348
0.760983
0.754715
0.750548
0.743863
0.738677
0.735547
0.726695
0.718739
0.710186
0.703649
0.694816
0.687288
0.681584
0.676713
0.670613
0.665334
0.656991
0.650088
0.642173
0.635128
0.629207
0.62461
0.619802
0.613977
0.609087
0.605116
0.598396
0.592684
0.587174
0.580572
0.575789
0.570246
0.565017
0.560379
0.555902
0.551667
0.546554
0.541578
0.536825
0.532705
0.528671
0.524626
0.520052
0.5159
0.512022
0.508494
0.504853
0.500977
0.497086
0.493181
0.489587
0.486487
0.482974
0.479758
0.476789
0.473963
0.471427
0.468238
0.465044
0.462315
0.459716
0.456328
0.453465
0.451343
0.448926
0.446841
0.445158
0.443012
0.441422
0.439908
0.438249
0.436326
0.434654
0.433081
0.431837
0.430504
